132400E-07 -1.82039135001E-07 -1.91605653980E-07
 -2.01673625328E-07 -2.12269288338E-07 -2.23420253668E-07 -2.35155574947E-07
 -2.47505824121E-07 -2.60503170731E-07 -2.74181465321E-07 -2.88576327209E-07
 -3.03725236826E-07 -3.19667632878E-07 -3.36445014575E-07 -3.54101049192E-07
 -3.72681685243E-07 -3.92235271554E-07 -4.12812682553E-07 -4.34467450087E-07
 -4.57255902117E-07 -4.81237308648E-07 -5.06474035265E-07 -5.33031704680E-07
 -5.60979366695E-07 -5.90389677035E-07 -6.21339085500E-07 -6.53908033928E-07
 -6.88181164477E-07 -7.24247538766E-07 -7.62200868435E-07 -8.02139757730E-07
 -8.44167958727E-07 -8.88394639851E-07 -9.34934668405E-07 -9.83908907800E-07
 -1.03544453030E-06 -1.08967534602E-06 -1.14674214913E-06 -1.20679308202E-06
 -1.26998401848E-06 -1.33647896685E-06 -1.40645049413E-06 -1.48008017219E-06
 -1.55755904724E-06 -1.63908813372E-06 -1.72487893391E-06 -1.81515398461E-06
 -1.91014743224E-06 -2.01010563794E-06 -2.11528781409E-06 -2.22596669399E-06
 -2.34242923644E-06 -2.46497736685E-06 -2.59392875705E-06 -2.72961764559E-06
 -2.87239570070E-06 -3.02263292816E-06 -3.18071862639E-06 -3.34706239113E-06
 -3.52209517248E-06 