 &plot nbnd=   8, nks=    91 /
            0.500000  0.500000  0.500000
  -3.537  -0.928   4.850   4.850   7.553   9.392   9.392  13.616
            0.475000  0.475000  0.475000
  -3.573  -0.877   4.855   4.855   7.558   9.397   9.397  13.625
            0.450000  0.450000  0.450000
  -3.674  -0.730   4.868   4.868   7.573   9.412   9.412  13.648
            0.425000  0.425000  0.425000
  -3.821  -0.505   4.891   4.891   7.599   9.436   9.436  13.686
            0.400000  0.400000  0.400000
  -3.996  -0.223   4.922   4.922   7.634   9.467   9.467  13.732
            0.375000  0.375000  0.375000
  -4.184   0.103   4.962   4.962   7.680   9.502   9.502  13.776
            0.350000  0.350000  0.350000
  -4.376   0.463   5.012   5.012   7.735   9.537   9.537  13.794
            0.325000  0.325000  0.325000
  -4.566   0.850   5.069   5.069   7.800   9.566   9.566  13.736
            0.300000  0.300000  0.300000
  -4.748   1.259   5.135   5.135   7.873   9.583   9.583  13.541
            0.275000  0.275000  0.275000
  -4.921   1.685   5.209   5.209   7.955   9.581   9.581  13.223
            0.250000  0.250000  0.250000
  -5.083   2.127   5.290   5.290   8.043   9.554   9.554  12.837
            0.225000  0.225000  0.225000
  -5.231   2.582   5.378   5.378   8.138   9.498   9.498  12.420
            0.200000  0.200000  0.200000
  -5.366   3.046   5.471   5.471   8.237   9.411   9.411  11.988
            0.175000  0.175000  0.175000
  -5.486   3.516   5.567   5.567   8.337   9.300   9.300  11.549
            0.150000  0.150000  0.150000
  -5.590   3.988   5.665   5.665   8.435   9.171   9.171  11.109
            0.125000  0.125000  0.125000
  -5.680   4.455   5.762   5.762   8.526   9.036   9.036  10.674
            0.100000  0.100000  0.100000
  -5.753   4.908   5.853   5.853   8.603   8.905   8.905  10.258
            0.075000  0.075000  0.075000
  -5.810   5.330   5.933   5.933   8.654   8.787   8.787   9.880
            0.050000  0.050000  0.050000
  -5.851   5.694   5.996   5.996   8.666   8.694   8.694   9.579
            0.025000  0.025000  0.025000
  -5.876   5.954   6.037   6.037   8.635   8.635   8.637   9.396
            0.000000  0.000000  0.000000
  -5.884   6.052   6.052   6.052   8.614   8.614   8.614   9.339
            0.033333  0.000000  0.000000
  -5.879   6.018   6.030   6.030   8.601   8.641   8.641   9.371
            0.066667  0.000000  0.000000
  -5.864   5.921   5.969   5.969   8.564   8.719   8.719   9.464
            0.100000  0.000000  0.000000
  -5.840   5.772   5.875   5.875   8.504   8.842   8.842   9.606
            0.133333  0.000000  0.000000
  -5.806   5.582   5.756   5.756   8.424   9.001   9.001   9.781
            0.166667  0.000000  0.000000
  -5.762   5.361   5.620   5.620   8.329   9.189   9.189   9.971
            0.200000  0.000000  0.000000
  -5.709   5.118   5.474   5.474   8.220   9.399   9.399  10.157
            0.233333  0.000000  0.000000
  -5.646   4.859   5.321   5.321   8.103   9.627   9.627  10.312
            0.266667  0.000000  0.000000
  -5.573   4.589   5.165   5.165   7.980   9.869   9.869  10.402
            0.300000  0.000000  0.000000
  -5.491   4.311   5.009   5.009   7.854  10.122  10.122  10.399
            0.333333  0.000000  0.000000
  -5.399   4.027   4.856   4.856   7.728  10.297  10.384  10.384
            0.366667  0.000000  0.000000
  -5.298   3.738   4.705   4.705   7.602  10.119  10.653  10.653
            0.400000  0.000000  0.000000
  -5.188   3.445   4.559   4.559   7.480   9.897  10.929  10.929
            0.433333  0.000000  0.000000
  -5.068   3.151   4.419   4.419   7.362   9.651  11.209  11.209
            0.466667  0.000000  0.000000
  -4.939   2.855   4.284   4.284   7.250   9.398  11.494  11.494
            0.500000  0.000000  0.000000
  -4.801   2.557   4.156   4.156   7.144   9.143  11.783  11.783
            0.533333  0.000000  0.000000
  -4.654   2.259   4.035   4.035   7.045   8.895  12.077  12.077
            0.566667  0.000000  0.000000
  -4.498   1.961   3.921   3.921   6.954   8.654  12.372  12.372
            0.600000  0.000000  0.000000
  -4.333   1.663   3.815   3.815   6.872   8.424  12.671  12.671
            0.633333  0.000000  0.000000
  -4.159   1.365   3.717   3.717   6.799   8.205  12.970  12.970
            0.666667  0.000000  0.000000
  -3.978   1.069   3.626   3.626   6.735   7.999  13.273  13.273
            0.700000  0.000000  0.000000
  -3.787   0.775   3.544   3.544   6.682   7.807  13.578  13.578
            0.733333  0.000000  0.000000
  -3.589   0.482   3.471   3.471   6.640   7.629  13.886  13.886
            0.766667  0.000000  0.000000
  -3.382   0.192   3.405   3.405   6.608   7.465  14.195  14.195
            0.800000  0.000000  0.000000
  -3.168  -0.095   3.349   3.349   6.587   7.316  14.505  14.505
            0.833333  0.000000  0.000000
  -2.947  -0.379   3.301   3.301   6.578   7.181  14.815  14.815
            0.866667  0.000000  0.000000
  -2.718  -0.660   3.261   3.261   6.580   7.060  15.121  15.121
            0.900000  0.000000  0.000000
  -2.482  -0.936   3.230   3.230   6.595   6.953  15.423  15.423
            0.933333  0.000000  0.000000
  -2.239  -1.207   3.208   3.208   6.621   6.859  15.708  15.708
            0.966667  0.000000  0.000000
  -1.990  -1.474   3.194   3.194   6.661   6.780  15.947  15.947
            1.000000  0.000000  0.000000
  -1.735  -1.735   3.190   3.190   6.714   6.714  16.055  16.055
            1.000000  0.025000  0.025000
  -1.737  -1.729   3.152   3.194   6.719   6.770  15.998  16.022
            1.000000  0.050000  0.050000
  -1.743  -1.711   3.045   3.208   6.734   6.931  15.840  15.927
            1.000000  0.075000  0.075000
  -1.755  -1.682   2.888   3.230   6.759   7.179  15.612  15.781
            1.000000  0.100000  0.100000
  -1.774  -1.640   2.700   3.261   6.795   7.494  15.341  15.596
            1.000000  0.125000  0.125000
  -1.801  -1.587   2.502   3.300   6.841   7.860  15.047  15.387
            1.000000  0.150000  0.150000
  -1.838  -1.523   2.305   3.348   6.896   8.266  14.739  15.158
            1.000000  0.175000  0.175000
  -1.889  -1.446   2.121   3.404   6.961   8.702  14.425  14.920
            1.000000  0.200000  0.200000
  -1.954  -1.358   1.958   3.468   7.036   9.163  14.112  14.639
            1.000000  0.225000  0.225000
  -2.038  -1.259   1.822   3.540   7.119   9.642  13.799  14.306
            1.000000  0.250000  0.250000
  -2.140  -1.147   1.718   3.619   7.212  10.137  13.491  13.984
            0.966667  0.241667  0.241667
  -2.144  -1.149   1.763   3.596   7.186   9.976  13.517  13.848
            0.933333  0.233333  0.233333
  -2.231  -1.072   1.838   3.582   7.172   9.829  13.435  13.634
            0.900000  0.225000  0.225000
  -2.378  -0.935   1.936   3.577   7.172   9.696  13.306  13.414
            0.866667  0.216667  0.216667
  -2.559  -0.761   2.056   3.581   7.183   9.578  13.158  13.195
            0.833333  0.208333  0.208333
  -2.758  -0.563   2.192   3.594   7.205   9.476  12.977  13.005
            0.800000  0.200000  0.200000
  -2.964  -0.349   2.344   3.617   7.238   9.391  12.762  12.850
            0.766667  0.191667  0.191667
  -3.173  -0.122   2.507   3.648   7.280   9.326  12.546  12.695
            0.733333  0.183333  0.183333
  -3.381   0.116   2.680   3.690   7.329   9.281  12.333  12.541
            0.700000  0.175000  0.175000
  -3.586   0.363   2.862   3.741   7.385   9.259  12.122  12.387
            0.666667  0.166667  0.166667
  -3.786   0.619   3.049   3.801   7.444   9.262  11.913  12.232
            0.633333  0.158333  0.158333
  -3.980   0.882   3.242   3.871   7.505   9.291  11.707  12.074
            0.600000  0.150000  0.150000
  -4.166   1.153   3.439   3.950   7.566   9.347  11.504  11.911
            0.566667  0.141667  0.141667
  -4.345   1.431   3.637   4.037   7.626   9.430  11.305  11.743
            0.533333  0.133333  0.133333
  -4.515   1.716   3.837   4.134   7.684   9.538  11.113  11.568
            0.500000  0.125000  0.125000
  -4.677   2.008   4.036   4.239   7.741   9.665  10.930  11.383
            0.466667  0.116667  0.116667
  -4.829   2.305   4.233   4.353   7.798   9.799  10.764  11.188
            0.433333  0.108333  0.108333
  -4.972   2.609   4.428   4.474   7.856   9.915  10.638  10.982
            0.400000  0.100000  0.100000
  -5.105   2.917   4.603   4.619   7.916   9.962  10.593  10.767
            0.366667  0.091667  0.091667
  -5.228   3.230   4.738   4.804   7.979   9.905  10.544  10.651
            0.333333  0.083333  0.083333
  -5.341   3.547   4.879   4.984   8.046   9.783  10.315  10.748
            0.300000  0.075000  0.075000
  -5.443   3.865   5.025   5.156   8.116   9.639  10.082  10.806
            0.266667  0.066667  0.066667
  -5.535   4.185   5.175   5.319   8.189   9.488   9.849  10.766
            0.233333  0.058333  0.058333
  -5.617   4.502   5.326   5.471   8.264   9.340   9.620  10.617
            0.200000  0.050000  0.050000
  -5.687   4.814   5.475   5.611   8.338   9.196   9.400  10.392
            0.166667  0.041667  0.041667
  -5.747   5.115   5.620   5.736   8.410   9.061   9.193  10.137
            0.133333  0.033333  0.033333
  -5.796   5.399   5.755   5.844   8.477   8.933   9.006   9.884
            0.100000  0.025000  0.025000
  -5.835   5.653   5.874   5.932   8.533   8.816   8.846   9.659
            0.066667  0.016667  0.016667
  -5.862   5.862   5.968   5.997   8.577   8.715   8.721   9.485
            0.033333  0.008333  0.008333
  -5.878   6.001   6.030   6.038   8.605   8.641   8.642   9.376
            0.000000  0.000000  0.000000
  -5.884   6.052   6.052   6.052   8.614   8.614   8.614   9.339
