25 -117.89967269 -117.97626767 -117.99088838 -117.99099813 -117.99099834 -117.99099834 -117.99099834 -117.89063831
28 -117.97336395 -118.01540458 -118.01560112 -118.01560227 -118.01560227 -118.01560227 -117.97617888
30 -117.99843112 -118.02390365 -118.02418505 -118.02418683 -118.02418683 -118.02418683 -118.00379748
32 -118.01261181 -118.02795229 -118.02893901 -118.02894708 -118.02894709 -118.02894709 -118.01883638
35 -118.02224064 -118.03032560 -118.03186023 -118.03188327 -118.03188333 -118.03188333 -118.03188333 -118.02884940
38 -118.02521938 -118.03075861 -118.03250404 -118.03255645 -118.03255679 -118.03255679 -118.03255679 -118.03188651
40 -118.02576249 -118.03075150 -118.03260960 -118.03269529 -118.03269614 -118.03269614 -118.03269614 -118.03243863
42 -118.02594198 -118.03082273 -118.03278923 -118.03291664 -118.03291835 -118.03291835 -118.03291835 -118.03260753
45 -118.02618509 -118.03128417 -118.03336306 -118.03355602 -118.03355923 -118.03355923 -118.03355923 -118.03282208
48 -118.02670604 -118.03213447 -118.03424462 -118.03447367 -118.03447759 -118.03447759 -118.03447759 -118.03331692
50 -118.02719482 -118.03278616 -118.03488379 -118.03511012 -118.03511385 -118.03511385 -118.03511385 -118.03381801
52 -118.02776870 -118.03345052 -118.03551392 -118.03572728 -118.03573055 -118.03573056 -118.03573056 -118.03439936
55 -118.02863928 -118.03431423 -118.03630853 -118.03649400 -118.03649654 -118.03649654 -118.03649654 -118.03530606
58 -118.02944101 -118.03498060 -118.03690395 -118.03706121 -118.03706316 -118.03706317 -118.03706317 -118.03611383
60 -118.02987640 -118.03528989 -118.03717241 -118.03731627 -118.03731797 -118.03731797 -118.03731797 -118.03655875
62 -118.03024057 -118.03551453 -118.03736362 -118.03749717 -118.03749868 -118.03749868 -118.03749868 -118.03692489
65 -118.03062920 -118.03570646 -118.03752582 -118.03764824 -118.03764960 -118.03764960 -118.03764960 -118.03731724
68 -118.03085710 -118.03577846 -118.03758821 -118.03770651 -118.03770784 -118.03770784 -118.03770784 -118.03755137
70 -118.03094248 -118.03578879 -118.03759961 -118.03771974 -118.03772111 -118.03772111 -118.03772111 -118.03763818
72 -118.03099110 -118.03578574 -118.03760425 -118.03772661 -118.03772805 -118.03772805 -118.03772805 -118.03768706
75 -118.03102173 -118.03577988 -118.03761345 -118.03774321 -118.03774481 -118.03774481 -118.03774481 -118.03771769
78 -118.03103331 -118.03579368 -118.03764506 -118.03778154 -118.03778330 -118.03778330 -118.03778331 -118.03772808
80 -118.03104274 -118.03581891 -118.03767968 -118.03782099 -118.03782286 -118.03782286 -118.03782286 -118.03773645
