25 -117.89954520 -117.97616934 -117.99085039 -117.99096062 -117.99096083 -117.99096083 -117.99096083 -117.89074355
28 -117.97338308 -118.01541558 -118.01561238 -118.01561354 -118.01561354 -118.01561354 -117.97614004
30 -117.99840233 -118.02389717 -118.02417699 -118.02417874 -118.02417874 -118.02417874 -118.00373189
32 -118.01251097 -118.02792370 -118.02890488 -118.02891301 -118.02891301 -118.02891301 -118.01876201
35 -118.02226727 -118.03033177 -118.03186768 -118.03189088 -118.03189095 -118.03189095 -118.03189095 -118.02881746
38 -118.02522129 -118.03075837 -118.03250421 -118.03255666 -118.03255701 -118.03255701 -118.03255701 -118.03189165
40 -118.02576350 -118.03075184 -118.03261002 -118.03269583 -118.03269668 -118.03269668 -118.03269668 -118.03243691
42 -118.02594007 -118.03082019 -118.03278391 -118.03291158 -118.03291327 -118.03291327 -118.03291327 -118.03260826
45 -118.02618336 -118.03128081 -118.03335594 -118.03355185 -118.03355508 -118.03355508 -118.03355508 -118.03282227
48 -118.02670201 -118.03212865 -118.03423962 -118.03446787 -118.03447178 -118.03447179 -118.03447179 -118.03331701
50 -118.02720018 -118.03279236 -118.03488840 -118.03511640 -118.03512013 -118.03512014 -118.03512014 -118.03381900
52 -118.02776497 -118.03344652 -118.03550766 -118.03572360 -118.03572689 -118.03572689 -118.03572689 -118.03439805
55 -118.02864271 -118.03431729 -118.03631120 -118.03649658 -118.03649911 -118.03649911 -118.03649912 -118.03530128
58 -118.02943593 -118.03497680 -118.03689980 -118.03705803 -118.03706000 -118.03706000 -118.03706000 -118.03610933
60 -118.02987874 -118.03529143 -118.03717459 -118.03731751 -118.03731920 -118.03731920 -118.03731920 -118.03656092
62 -118.03023956 -118.03551396 -118.03736366 -118.03749670 -118.03749821 -118.03749821 -118.03749821 -118.03692396
65 -118.03062824 -118.03570610 -118.03752574 -118.03764795 -118.03764931 -118.03764931 -118.03764931 -118.03731917
68 -118.03085670 -118.03577850 -118.03758805 -118.03770650 -118.03770784 -118.03770784 -118.03770784 -118.03755219
70 -118.03094266 -118.03578887 -118.03760044 -118.03771980 -118.03772117 -118.03772117 -118.03772117 -118.03763864
72 -118.03099103 -118.03578583 -118.03760512 -118.03772664 -118.03772808 -118.03772808 -118.03772808 -118.03768749
75 -118.03102180 -118.03577998 -118.03761489 -118.03774333 -118.03774493 -118.03774493 -118.03774493 -118.03771788
78 -118.03103336 -118.03579378 -118.03764528 -118.03778158 -118.03778335 -118.03778335 -118.03778335 -118.03772808
80 -118.03104280 -118.03581904 -118.03767999 -118.03782106 -118.03782293 -118.03782294 -118.03782294 -118.03773643
